0.1
0.0 0.0 0.0
0.0 0.0 0.0 1.0
-0.4440384544983719 0.004552529435199854 -0.17208884668878385 0.44403845449837187 -0.004552529435199986 0.1720888466887839

0.2
-0.03846591577849544 0.07694598087942216 0.08536394141730222
-0.000958750760349659 0.0019253018791160392 0.0021338836674835533 0.9999954102645409
-0.4440384544983719 0.004552529435199854 -0.17208884668878385 0.44403845449837187 -0.004552529435199986 0.1720888466887839

0.30000000000000004
-0.07831540020315667 0.1530865448498208 0.17083099032424992
-0.003869488869879953 0.007680889415755337 0.008538055144267202 0.9999265636075593
-0.4440384544983719 0.004552529435199854 -0.17208884668878385 0.44403845449837187 -0.004552529435199986 0.1720888466887839

0.4
-0.12090017217038287 0.22756257839387112 0.2565063377771518
-0.008833840909665125 0.01720270832243774 0.01921980955913649 0.999628245400092
-0.4440384544983719 0.004552529435199854 -0.17208884668878385 0.44403845449837187 -0.004552529435199986 0.1720888466887839

0.5
-0.1675051123800062 0.29940944149873433 0.34249905511441375
-0.0160148347553002 0.03037382136476974 0.03419039599749573 0.9988252964683043
-0.4440384544983719 0.004552529435199854 -0.17208884668878385 0.44403845449837187 -0.004552529435199986 0.1720888466887839

0.6
-0.21930714301140455 0.3675091206272185 0.42892331085672436
-0.0256265326381208 0.04700970672260363 0.0534635700132564 0.9971333987888681
-0.4440384544983719 0.004552529435199854 -0.17208884668878385 0.44403845449837187 -0.004552529435199986 0.1720888466887839

0.7000000000000001
-0.2773252991614996 0.4305489659997663 0.5158987059895904
-0.03791791594036172 0.06683892820539096 0.07705337681855191 0.9940611482438857
-0.4440384544983719 0.004552529435199854 -0.17208884668878385 0.44403845449837187 -0.004552529435199986 0.1720888466887839

0.8
-0.3423598541751227 0.4869903051097299 0.6035494210173518
-0.05314963170389382 0.08948068619030877 0.1049709217425874 0.9890143725129396
-0.4440384544983719 0.004552529435199854 -0.17208884668878385 0.44403845449837187 -0.004552529435199986 0.1720888466887839

0.9
-0.41491919240643366 0.5350510650465681 0.692001877317169
-0.0715621582017948 0.11442151825624004 0.13721974613326893 0.9813038851164095
-0.4440384544983719 0.004552529435199854 -0.17208884668878385 0.44403845449837187 -0.004552529435199986 0.1720888466887839

1.0
-0.49513433252252304 0.5727074375849515 0.7813806509110751
-0.09333421817656246 0.14099435101935417 0.1737892514477879 0.9701580349506046
-0.4440384544983719 0.004552529435199854 -0.17208884668878385 0.44403845449837187 -0.004552529435199986 0.1720888466887839

1.1
-0.582662678747592 0.5977204471929529 0.871802452565608
-0.11853098860374665 0.16836414928255072 0.21464541437712134 0.9547414645147949
-0.4440384544983719 0.004552529435199854 -0.17208884668878385 0.44403845449837187 -0.004552529435199986 0.1720888466887839

1.2000000000000002
-0.6765847836459977 0.6076938394069907 0.9633681166766289
-0.1470429503966097 0.1955254286899597 0.2597178415016142 0.9341813636976549
-0.4440384544983719 0.004552529435199854 -0.17208884668878385 0.44403845449837187 -0.004552529435199986 0.1720888466887839

1.3000000000000003
-0.7753006613955147 0.600169738000046 1.0561527302256837
-0.17851818235069075 0.221317661952327 0.30888207600356404 0.9076021232907564
-0.4440384544983719 0.004552529435199854 -0.17208884668878385 0.44403845449837187 -0.004552529435199986 0.1720888466887839

1.4000000000000001
-0.8764354219303518 0.5727677099308183 1.1501942795303688
-0.2122935382342818 0.24446478141184394 0.3619360703043736 0.8741685794432652
-0.4440384544983719 0.004552529435199854 -0.17208884668878385 0.44403845449837187 -0.004552529435199986 0.1720888466887839

1.5000000000000002
-0.9767674949481893 0.5233708838081512 1.2454814780527868
-0.247333308256869 0.26364414041555784 0.41856997989559924 0.83313694779517
-0.4440384544983719 0.004552529435199854 -0.17208884668878385 0.44403845449837187 -0.004552529435199986 0.1720888466887839

1.6
-1.0721960942911812 0.4503592748072393 1.3419417245999676
-0.28218728433147167 0.2775879911341914 0.47832902973742364 0.7839110810864763
-0.4440384544983719 0.004552529435199854 -0.17208884668878385 0.44403845449837187 -0.004552529435199986 0.1720888466887839

1.7000000000000002
-1.157767263221565 0.35288527726568786 1.4394303694338073
-0.3149829695450314 0.2852163928158931 0.5405702580964791 0.7260999478220541
-0.4440384544983719 0.004552529435199854 -0.17208884668878385 0.44403845449837187 -0.004552529435199986 0.1720888466887839

1.8000000000000003
-1.2277791082194902 0.23117941813441292 1.5377225667924523
-0.34346805601888686 0.28579434867421294 0.6044155056105881 0.6595704521413814
-0.4440384544983719 0.004552529435199854 -0.17208884668878385 0.44403845449837187 -0.004552529435199986 0.1720888466887839

1.9000000000000001
-1.2759858814846448 0.08686625871226215 1.6365089067173888
-0.36511809991183203 0.2790981850448286 0.6687050516242385 0.5844882634866848
-0.4440384544983719 0.004552529435199854 -0.17208884668878385 0.44403845449837187 -0.004552529435199986 0.1720888466887839

2.0
-1.2959167145113775 -0.07673851981035752 1.7353957298559097
-0.377319457037851 0.26556767515861357 0.7319585253421512 0.5013387621463693
-0.4440384544983719 0.004552529435199854 -0.17208884668878385 0.44403845449837187 -0.004552529435199986 0.1720888466887839

2.1
-1.2813176052031445 -0.2543873368000059 1.8339105987776874
-0.37762809256580127 0.24641275116167072 0.7923521122515236 0.4109208074320405
-0.09931102220831454 0.7335478137620489 0.34679166353634827 0.09931102220831442 -0.7335478137620487 -0.34679166353634794

2.2
-0.9613252003619921 -0.5174628211185455 1.9100850666530043
-0.36004046246506716 0.22798906556158433 0.8469873576828569 0.31781168527558623
-0.09931102220831454 0.7335478137620489 0.34679166353634827 0.09931102220831442 -0.7335478137620487 -0.34679166353634794

2.3000000000000003
-0.5886181048526296 -0.7188584589633761 1.981218707783468
-0.32192411095753076 0.21905689590124658 0.8927645490454315 0.22660627332450756
-0.09931102220831454 0.7335478137620489 0.34679166353634827 0.09931102220831442 -0.7335478137620487 -0.34679166353634794

2.4000000000000004
-0.17439356567627468 -0.8432013137624577 2.0467763202681377
-0.26747026120386275 0.2242679042123528 0.9269245917307202 0.1377474782221951
-0.09931102220831454 0.7335478137620489 0.34679166353634827 0.09931102220831442 -0.7335478137620487 -0.34679166353634794

2.5000000000000004
0.2653444492519783 -0.8769493681045055 2.1063161896022455
-0.20239825427474012 0.24674401755422723 0.9463417400957349 0.05088857848587816
-0.09931102220831454 0.7335478137620489 0.34679166353634827 0.09931102220831442 -0.7335478137620487 -0.34679166353634794

2.6
0.7098754182190986 -0.8099022236351938 2.159581684944048
-0.13360202663555382 0.2874490266658624 0.9477848708283378 -0.03503418582801869
-0.09931102220831454 0.7335478137620489 0.34679166353634827 0.09931102220831442 -0.7335478137620487 -0.34679166353634794

2.7
1.1343403744033156 -0.6368711070138537 2.2066325478719295
-0.0685611324814209 0.34463606670018376 0.9282945840771004 -0.12163271687919575
-0.09931102220831454 0.7335478137620489 0.34679166353634827 0.09931102220831442 -0.7335478137620487 -0.34679166353634794

2.8000000000000003
1.5109383855039076 -0.35933957858861637 2.2480035252461477
-0.014486814978699733 0.4134996366307084 0.8856530514510068 -0.21077678988343457
-0.09931102220831454 0.7335478137620489 0.34679166353634827 0.09931102220831442 -0.7335478137620487 -0.34679166353634794

2.9000000000000004
1.8108036729386043 0.013136570920621149 2.2848603763614124
0.022765207133973966 0.4862009903377107 0.8188848271428277 -0.3041676876560656
-0.09931102220831454 0.7335478137620489 0.34679166353634827 0.09931102220831442 -0.7335478137620487 -0.34679166353634794

3.0000000000000004
2.0065060581194687 0.4620878862999214 2.3191072492708074
0.039886229757396134 0.5524370257395287 0.7286864840459853 -0.4027883181480113
-0.09931102220831454 0.7335478137620489 0.34679166353634827 0.09931102220831442 -0.7335478137620487 -0.34679166353634794

3.1
2.0749758436369405 0.9601193548244689 2.353392469200961
0.037168195776266795 0.6006583011795015 0.6176571214815807 -0.5062882684103793
-0.09931102220831454 0.7335478137620489 0.34679166353634827 0.09931102220831442 -0.7335478137620487 -0.34679166353634794

3.2
2.0005418286065235 1.4718972665175019 2.3909680823134805
0.019090595016854443 0.6199001229048141 0.4902091609898987 -0.6124168231572987
-0.09931102220831454 0.7335478137620489 0.34679166353634827 0.09931102220831442 -0.7335478137620487 -0.34679166353634794

3.3000000000000003
1.7777380101351734 1.9561614220674115 2.4353836001574347
0.005893271507666392 -0.6019849653082999 -0.35209399503803573 0.7166653260426776
-0.09931102220831454 0.7335478137620489 0.34679166353634827 0.09931102220831442 -0.7335478137620487 -0.34679166353634794

3.4000000000000004
1.4135747582386473 2.3686793155992163 2.4900314219759103
0.026586634553475486 -0.5436473827849961 -0.2095773783908255 0.8122918173421253
-0.09931102220831454 0.7335478137620489 0.34679166353634827 0.09931102220831442 -0.7335478137620487 -0.34679166353634794

3.5000000000000004
0.9290323047174006 2.6660219873232545 2.5576018205507483
0.03127226062118351 -0.44799771554216694 -0.06841243703002736 0.8908646536058398
-0.09931102220831454 0.7335478137620489 0.34679166353634827 0.09931102220831442 -0.7335478137620487 -0.34679166353634794

3.6
0.35952745058036545 2.810058318304768 2.639540659813566
0.01057691586728914 -0.3247584733555319 0.06713178544837194 0.9433522068755837
-0.09931102220831454 0.7335478137620489 0.34679166353634827 0.09931102220831442 -0.7335478137620487 -0.34679166353634794

3.7
-0.24600493360620723 2.773030129347144 2.735626251890705
-0.03968243645997856 -0.18891846715965585 0.19489457807898442 0.9616398600505598
-0.09931102220831454 0.7335478137620489 0.34679166353634827 0.09931102220831442 -0.7335478137620487 -0.34679166353634794

3.8000000000000003
-0.8279113955207009 2.542856889353223 2.843784600176278
-0.11650824654176471 -0.05784570634636678 0.3148545530068279 0.940184191100831
-0.09931102220831454 0.7335478137620489 0.34679166353634827 0.09931102220831442 -0.7335478137620487 -0.34679166353634794

3.9000000000000004
-1.320957645819326 2.127912448810991 2.960229973108783
-0.20936719691589023 0.05260228330812894 0.428469305205473 0.8773895549544076
-0.09931102220831454 0.7335478137620489 0.34679166353634827 0.09931102220831442 -0.7335478137620487 -0.34679166353634794

4.0
-1.661866332045931 1.560065319743242 3.0799413601405
-0.30188528165516526 0.13200358180291058 0.5374345969782457 0.7762759722431286
-0.09931102220831454 0.7335478137620489 0.34679166353634827 0.09931102220831442 -0.7335478137620487 -0.34679166353634794

