0.1
0.0 0.0 0.0
0.0 0.0 0.0 1.0
0.11155929095041064 0.23852666245838164 -0.17325716784867423 -0.11155929095041063 -0.2385266624583817 0.17325716784867431

0.2
-0.18257158201690205 0.033930531612745424 0.041507212464899586
-0.004553025867273512 0.0008487114323098091 0.0010373526187367529 0.9999887367085196
0.11155929095041064 0.23852666245838164 -0.17325716784867423 -0.11155929095041063 -0.2385266624583817 0.17325716784867431

0.30000000000000004
-0.3723246070101047 0.0679577587482535 0.08340119291356987
-0.018375702602994783 0.003394277969935597 0.004157160294352249 0.9998167484340299
0.11155929095041064 0.23852666245838164 -0.17325716784867423 -0.11155929095041063 -0.2385266624583817 0.17325716784867431

0.4
-0.5782657572440663 0.10239117260428278 0.12630436317990357
-0.042041691732835756 0.007646012834078639 0.009394200344238761 0.9990424333549975
0.11155929095041064 0.23852666245838164 -0.17325716784867423 -0.11155929095041063 -0.2385266624583817 0.17325716784867431

0.5
-0.8095134314989798 0.13725736336151326 0.17085462963493528
-0.07654354513835432 0.013609829465382637 0.01681427499071479 0.9968315496592755
0.11155929095041064 0.23852666245838164 -0.17325716784867423 -0.11155929095041063 -0.2385266624583817 0.17325716784867431

0.6
-1.0751494645318322 0.17206605669325462 0.2177013614341033
-0.12323866447898962 0.021251906397119477 0.026513548180589215 0.9917951501266775
0.11155929095041064 0.23852666245838164 -0.17325716784867423 -0.11155929095041063 -0.2385266624583817 0.17325716784867431

0.7000000000000001
-1.3836075863046668 0.2054609870432667 0.2674728683085339
-0.18371673763862056 0.030438071537586212 0.03861476419906553 0.9817487377625426
0.11155929095041064 0.23852666245838164 -0.17325716784867423 -0.11155929095041063 -0.2385266624583817 0.17325716784867431

0.8
-1.7412559008187456 0.23472924322130428 0.32068878869234774
-0.2595099615413888 0.040841729924566646 0.05325639153590697 0.9634055686563836
0.11155929095041064 0.23852666245838164 -0.17325716784867423 -0.11155929095041063 -0.2385266624583817 0.17325716784867431

0.9
-2.1497203708734305 0.2552103500724082 0.37757452811853726
-0.35153066069982264 0.051820122416679805 0.07056856531351424 0.9320734665734558
0.11155929095041064 0.23852666245838164 -0.17325716784867423 -0.11155929095041063 -0.2385266624583817 0.17325716784867431

1.0
-2.601575018251908 0.2598270725278445 0.43772297808913846
-0.4591139474163357 0.062282993732292895 0.09062770395612725 0.8815451385239295
0.11155929095041064 0.23852666245838164 -0.17325716784867423 -0.11155929095041063 -0.2385266624583817 0.17325716784867431

1.1
-3.074695554892828 0.2393073438362341 0.4995715651656079
-0.5786542040465424 0.07063099246348858 0.11338167127795394 0.8045589920329664
0.11155929095041064 0.23852666245838164 -0.17325716784867423 -0.11155929095041063 -0.2385266624583817 0.17325716784867431

1.2000000000000002
-3.527369774250223 0.18406639867359836 0.5597831725965631
0.7021930286808542 -0.07491487702471372 -0.13854271268104285 -0.6943476279468084
0.11155929095041064 0.23852666245838164 -0.17325716784867423 -0.11155929095041063 -0.2385266624583817 0.17325716784867431

1.3000000000000003
-3.8989945674510516 0.08857606862830095 0.6128925571954588
0.8169695717129484 -0.0733833568241102 -0.16546106296886642 -0.5475383442989176
0.11155929095041064 0.23852666245838164 -0.17325716784867423 -0.11155929095041063 -0.2385266624583817 0.17325716784867431

1.4000000000000001
-4.122195132342958 -0.04266834454688021 0.6518783778815496
0.9073786230384466 -0.06538648647186818 -0.19302379064129666 -0.367600949517519
0.11155929095041064 0.23852666245838164 -0.17325716784867423 -0.11155929095041063 -0.2385266624583817 0.17325716784867431

1.5000000000000002
-4.1465211173331715 -0.19162293460482352 0.6701460300351644
0.9598422721647963 -0.05214335654528542 -0.21966724750129407 -0.16652382204632887
0.11155929095041064 0.23852666245838164 -0.17325716784867423 -0.11155929095041063 -0.2385266624583817 0.17325716784867431

1.6
-3.961708962078375 -0.3305813772434743 0.664312980155051
0.9684528856641229 -0.036617444730785015 -0.2436022275129449 0.03763144617142009
0.11155929095041064 0.23852666245838164 -0.17325716784867423 -0.11155929095041063 -0.2385266624583817 0.17325716784867431

1.7000000000000002
-3.602944906490712 -0.43312128089258134 0.635967518656479
0.9374417515960809 -0.022311902760756338 -0.2632439384540285 0.22673281682826138
0.11155929095041064 0.23852666245838164 -0.17325716784867423 -0.11155929095041063 -0.2385266624583817 0.17325716784867431

1.8000000000000003
-3.1334482977485982 -0.4845262135689215 0.5909868339586186
0.8786396881833944 -0.011816458949916325 -0.27764209224188385 0.3882879579157996
0.11155929095041064 0.23852666245838164 -0.17325716784867423 -0.11155929095041063 -0.2385266624583817 0.17325716784867431

1.9000000000000001
-2.6183338362756916 -0.4845666937108821 0.5370036885364534
0.8062261676785212 -0.006117708934446205 -0.2866494399965175 0.5174882015442296
0.11155929095041064 0.23852666245838164 -0.17325716784867423 -0.11155929095041063 -0.2385266624583817 0.17325716784867431

2.0
-2.10645182770153 -0.4430156978256438 0.4808590726616624
0.7323988695177408 -0.004850214901675013 -0.29076434843028043 0.6156496284628596
0.11155929095041064 0.23852666245838164 -0.17325716784867423 -0.11155929095041063 -0.2385266624583817 0.17325716784867431

2.1
-1.6253338986505979 -0.3731038049450585 0.4272569944830627
0.665588318994076 -0.006964086647817238 -0.2908080338672501 0.6872949720127932
0.17673758553806146 -0.03883599542625529 -0.4148598832540717 -0.17673758553806138 0.038835995426255175 0.4148598832540717

2.2
-1.2732735926106122 -0.29654314093707845 0.36470460991661413
0.608978325813853 -0.010603069886691007 -0.2880213080340987 0.7389700262637595
0.17673758553806146 -0.03883599542625529 -0.4148598832540717 -0.17673758553806138 0.038835995426255175 0.4148598832540717

2.3000000000000003
-0.9618982761519328 -0.21262047889475105 0.30791443115404227
0.5629028195556459 -0.014162213123275319 -0.2834520204482196 0.7762697981755937
0.17673758553806146 -0.03883599542625529 -0.4148598832540717 -0.17673758553806138 0.038835995426255175 0.4148598832540717

2.4000000000000004
-0.6863289182631154 -0.1262598734235482 0.256558707827982
0.5278783321301487 -0.01699755784237817 -0.27759029469332475 0.8024955936246383
0.17673758553806146 -0.03883599542625529 -0.4148598832540717 -0.17673758553806138 0.038835995426255175 0.4148598832540717

2.5000000000000004
-0.43881839463238287 -0.04004095947341725 0.2096997437448675
0.5037879592801008 -0.01866817459415972 -0.27079166365578894 0.8200738175531783
0.17673758553806146 -0.03883599542625529 -0.4148598832540717 -0.17673758553806138 0.038835995426255175 0.4148598832540717

2.6
-0.2104025483975236 0.04507817755949799 0.1660801924592958
0.4902980910254402 -0.01888859544018453 -0.26328890346145684 0.8306202238166188
0.17673758553806146 -0.03883599542625529 -0.4148598832540717 -0.17673758553806138 0.038835995426255175 0.4148598832540717

2.7
0.00827490691923332 0.12908778353110587 0.12430773473877818
0.4871026611383531 -0.017483071147479184 -0.25521247821130394 0.835040077301941
0.17673758553806146 -0.03883599542625529 -0.4148598832540717 -0.17673758553806138 0.038835995426255175 0.4148598832540717

2.8000000000000003
0.22661473968636942 0.2123507183019215 0.08297047576457958
0.494044440399994 -0.014354057119127612 -0.2466102833070707 0.8336050744335018
0.17673758553806146 -0.03883599542625529 -0.4148598832540717 -0.17673758553806138 0.038835995426255175 0.4148598832540717

2.9000000000000004
0.45392002216533817 0.2950925893084907 0.04072046595367605
0.5111474993942997 -0.009469071112466336 -0.23746387987725126 0.8259839443408471
0.17673758553806146 -0.03883599542625529 -0.4148598832540717 -0.17673758553806138 0.038835995426255175 0.4148598832540717

3.0000000000000004
0.6992400579994289 0.37690125442190575 -0.003640445070789311
0.5385735460508297 -0.002867239926841083 -0.22770268345886135 0.811222412396915
0.17673758553806146 -0.03883599542625529 -0.4148598832540717 -0.17673758553806138 0.038835995426255175 0.4148598832540717

3.1
0.9709854526673384 0.45618764955677815 -0.05104031400144694
0.5764934098397716 0.005313953923296873 -0.21722086603205853 0.7876815382280434
0.17673758553806146 -0.03883599542625529 -0.4148598832540717 -0.17673758553806138 0.038835995426255175 0.4148598832540717

3.2
1.276060185015459 0.529601860366471 -0.1019520559227046
0.6248460350449994 0.01479289513358797 -0.2059049621650015 0.7529619839659499
0.17673758553806146 -0.03883599542625529 -0.4148598832540717 -0.17673758553806138 0.038835995426255175 0.4148598832540717

3.3000000000000003
1.6182067208640343 0.5914928667752556 -0.15612153869505618
0.6829468128760391 0.025085863191870707 -0.19368296283190675 0.7038758840584279
0.17673758553806146 -0.03883599542625529 -0.4148598832540717 -0.17673758553806138 0.038835995426255175 0.4148598832540717

3.4000000000000004
1.9952906382831408 0.6336720887307291 -0.21221530925509458
0.7489228889887818 0.0354566721135803 -0.18060517188507821 0.6365839321249699
0.17673758553806146 -0.03883599542625529 -0.4148598832540717 -0.17673758553806138 0.038835995426255175 0.4148598832540717

3.5000000000000004
2.3955557980934783 0.6459765424646273 -0.2674634773860287
0.819026166166977 0.04491531234308617 -0.16695599477030199 0.5470872413621116
0.17673758553806146 -0.03883599542625529 -0.4148598832540717 -0.17673758553806138 0.038835995426255175 0.4148598832540717

3.6
2.793735144155973 0.6182776097263022 -0.31749203803483245
0.8870613160744536 0.05232676352904165 -0.15336639368047403 0.43227639379484956
0.17673758553806146 -0.03883599542625529 -0.4148598832540717 -0.17673758553806138 0.038835995426255175 0.4148598832540717

3.7
3.1493675821397438 0.5442594102254629 -0.3566581829217632
0.9444149815690955 0.056680748020944895 -0.1408470220395327 0.29159861415004434
0.17673758553806146 -0.03883599542625529 -0.4148598832540717 -0.17673758553806138 0.038835995426255175 0.4148598832540717

3.8000000000000003
3.410883070882552 0.42605442689249257 -0.3791613593072467
0.9813320657862709 0.05748578014218706 -0.13063587713634792 0.12890705700585708
0.17673758553806146 -0.03883599542625529 -0.4148598832540717 -0.17673758553806138 0.038835995426255175 0.4148598832540717

3.9000000000000004
3.5277294175001375 0.27701193146694386 -0.38080072354940037
0.9896765562825917 0.055096557690212156 -0.12382457231469625 -0.046606421943781916
0.17673758553806146 -0.03883599542625529 -0.4148598832540717 -0.17673758553806138 0.038835995426255175 0.4148598832540717

4.0
3.467375870594828 0.11945150869551921 -0.3605860233539847
0.9662710910116613 0.05070367137101211 -0.12092208899228173 -0.22164648605014442
0.17673758553806146 -0.03883599542625529 -0.4148598832540717 -0.17673758553806138 0.038835995426255175 0.4148598832540717

4.1
3.227785891498322 -0.022778891870832006 -0.32113894557318073
0.9148370405020025 0.045896360258610505 -0.12166190502204235 -0.3823154382273315
-0.7975686677662737 -0.2552428048397102 0.0029456598353001396 0.7975686677662736 0.25524280483971007 -0.0029456598353001327

4.2
2.8735759946162904 0.12473994211624 -0.22042723588501872
0.8454252480407263 0.03813872701601582 -0.12004579951269292 -0.5190285093289506
-0.7975686677662737 -0.2552428048397102 0.0029456598353001396 0.7975686677662736 0.25524280483971007 -0.0029456598353001327

4.3
2.414697418478698 0.31374961611632096 -0.11072143847260271
0.7702984999715493 0.02318245874104268 -0.11083120897349166 -0.62755018736813
-0.7975686677662737 -0.2552428048397102 0.0029456598353001396 0.7975686677662736 0.25524280483971007 -0.0029456598353001327

4.3999999999999995
1.8917126763918257 0.5404445090389498 0.0027563817676868677
-0.7003633079110813 0.0002639332652964543 0.09491570768823786 0.7074476487381383
-0.7975686677662737 -0.2552428048397102 0.0029456598353001396 0.7975686677662736 0.25524280483971007 -0.0029456598353001327

4.5
1.335038572912027 0.7995739412692343 0.11535894898537816
-0.6437621697244872 0.03374329672145112 0.07357686703551675 0.7609323908174934
-0.7975686677662737 -0.2552428048397102 0.0029456598353001396 0.7975686677662736 0.25524280483971007 -0.0029456598353001327

4.6
0.7624991069343492 1.0858851111513415 0.2234555685008786
-0.605375866633342 0.07889930398839125 0.048149991626053136 0.7905545763794479
-0.7975686677662737 -0.2552428048397102 0.0029456598353001396 0.7975686677662736 0.25524280483971007 -0.0029456598353001327

4.7
0.18233040826622754 1.3939236610164487 0.3245064847046326
-0.5871638734500779 0.13722438177715557 0.019904693647416257 0.7975035159369399
-0.7975686677662737 -0.2552428048397102 0.0029456598353001396 0.7975686677662736 0.25524280483971007 -0.0029456598353001327

4.8
-0.40113181209734894 1.7163068893899345 0.41704223126437734
-0.5885763307450712 0.20962774136652124 -0.009855673000915617 0.7807284922724023
-0.7975686677662737 -0.2552428048397102 0.0029456598353001396 0.7975686677662736 0.25524280483971007 -0.0029456598353001327

4.9
-0.9809386459619951 2.040848942004462 0.5007352498947497
-0.6066224681704601 0.2957322850407077 -0.03952559339786011 0.736878093148336
-0.7975686677662737 -0.2552428048397102 0.0029456598353001396 0.7975686677662736 0.25524280483971007 -0.0029456598353001327

5.0
-1.5415247307815734 2.3472775233446526 0.5766134956914754
-0.635591261468608 0.392911815274309 -0.06687715974806947 0.6611894579215717
-0.7975686677662737 -0.2552428048397102 0.0029456598353001396 0.7975686677662736 0.25524280483971007 -0.0029456598353001327

5.1
-2.0552426161388255 2.605216104792688 0.6472920076613039
0.6668445801947022 -0.4953729876215557 0.08889114198510635 -0.5495655319217437
-0.7975686677662737 -0.2552428048397102 0.0029456598353001396 0.7975686677662736 0.25524280483971007 -0.0029456598353001327

5.2
-2.4846302447999324 2.776276581247542 0.7169134864154812
0.6894540638061638 -0.5940300496981297 0.10201224025544815 -0.40171494469943314
-0.7975686677662737 -0.2552428048397102 0.0029456598353001396 0.7975686677662736 0.25524280483971007 -0.0029456598353001327

5.3
-2.7927713655284148 2.8226968543505446 0.7904558191968433
0.6923482658353276 -0.6780886080086655 0.10300190343325483 -0.22414353966334005
-0.7975686677662737 -0.2552428048397102 0.0029456598353001396 0.7975686677662736 0.25524280483971007 -0.0029456598353001327

5.4
-2.9588941678732064 2.7207755503792432 0.8724280015369243
-0.6675627543563584 0.7384354159983614 -0.09014232489374945 0.030780946350447345
-0.7975686677662737 -0.2552428048397102 0.0029456598353001396 0.7975686677662736 0.25524280483971007 -0.0029456598353001327

5.5
-2.9897170550659293 2.471276746587475 0.9656249452787373
-0.6127602251798179 0.771201346890944 -0.06408671998066917 -0.16020699520711326
-0.7975686677662737 -0.2552428048397102 0.0029456598353001396 0.7975686677662736 0.25524280483971007 -0.0029456598353001327

5.6
-2.917687371757693 2.098506020123377 1.0708148079575524
-0.5311438022210749 0.7790637091209026 -0.02773573644427021 -0.3319287987156511
-0.7975686677662737 -0.2552428048397102 0.0029456598353001396 0.7975686677662736 0.25524280483971007 -0.0029456598353001327

5.7
-2.7873297766092584 1.6382212358836055 1.1875198783835699
-0.4288941546597095 0.7694608263329819 0.014722287559988221 -0.47303603994484306
-0.7975686677662737 -0.2552428048397102 0.0029456598353001396 0.7975686677662736 0.25524280483971007 -0.0029456598353001327

5.8
-2.6393600231095435 1.1230960374913246 1.3151628364274017
-0.3121142071725298 0.7512845503753832 0.05886339355356084 -0.5785251480685001
-0.7975686677662737 -0.2552428048397102 0.0029456598353001396 0.7975686677662736 0.25524280483971007 -0.0029456598353001327

5.9
-2.5004097040681192 0.5740788951648842 1.4537438188378835
-0.18505322940564198 0.7321441669770381 0.10054682566915914 -0.6477735382800824
-0.7975686677662737 -0.2552428048397102 0.0029456598353001396 0.7975686677662736 0.25524280483971007 -0.0029456598353001327

6.0
-2.379299642471627 -0.00013354699560758077 1.6037234269184744
-0.04999033178696459 0.7170425487506218 0.1357875365458703 -0.6818450666594614
-0.7975686677662737 -0.2552428048397102 0.0029456598353001396 0.7975686677662736 0.25524280483971007 -0.0029456598353001327

6.1
-2.2669949499654756 -0.5974667757498213 1.765195845538594
0.09173514571454545 0.7080856905605173 0.16022485838264663 -0.6815624055216274
0.18531481976490924 0.2932681089188488 0.44434361827072455 -0.18531481976490927 -0.29326810891884864 -0.4443436182707245

6.2
-1.9600432996937562 -1.393651312178128 1.8156269367986209
0.23390300026608296 0.7090610093241727 0.16691794068303967 -0.6439412027513409
0.18531481976490924 0.2932681089188488 0.44434361827072455 -0.18531481976490927 -0.29326810891884864 -0.4443436182707245

6.3
-1.5866668098865464 -2.1417260643479628 1.8708853837032757
0.36816174615028224 0.7207484204370062 0.14715874104117702 -0.5686149382880401
0.18531481976490924 0.2932681089188488 0.44434361827072455 -0.18531481976490927 -0.29326810891884864 -0.4443436182707245

6.4
-1.1207578951179542 -2.7977514372499024 1.9208741236112266
0.4878473876798369 0.7352941564769293 0.09410424208438191 -0.460968351849196
0.18531481976490924 0.2932681089188488 0.44434361827072455 -0.18531481976490927 -0.29326810891884864 -0.4443436182707245

6.5
-0.5578240918342474 -3.2930922725191345 1.9518939057265707
0.5844549892071266 0.7411796656897904 0.004294548222965846 -0.3302220852917448
0.18531481976490924 0.2932681089188488 0.44434361827072455 -0.18531481976490927 -0.29326810891884864 -0.4443436182707245

6.6
0.06999532962240113 -3.5526643969625695 1.9502981456938866
0.6503335758548177 0.72565094920074 -0.11893780938773064 -0.19065869384320996
0.18531481976490924 0.2932681089188488 0.44434361827072455 -0.18531481976490927 -0.29326810891884864 -0.4443436182707245

6.7
0.6967352936871303 -3.5280635544637367 1.9078375010694146
0.6825431421057632 0.679000699164124 -0.26369782473171977 -0.059635282600001026
0.18531481976490924 0.2932681089188488 0.44434361827072455 -0.18531481976490927 -0.29326810891884864 -0.4443436182707245

6.8
1.2490118591539976 -3.22503246075874 1.8250882219260791
0.6853147533175109 0.5986788952957045 -0.41192770178831356 0.04735860758375729
0.18531481976490924 0.2932681089188488 0.44434361827072455 -0.18531481976490927 -0.29326810891884864 -0.4443436182707245

6.9
1.67987313004779 -2.702683781099018 1.71005532028349
0.669009995388359 0.49012523557927073 -0.5453975927618939 0.1214262958685789
0.18531481976490924 0.2932681089188488 0.44434361827072455 -0.18531481976490927 -0.29326810891884864 -0.4443436182707245

7.0
1.9850841640830876 -2.0453411791719946 1.5732244028411102
-0.6462868905893492 -0.3635383293458971 0.651208943015971 -0.16149319083096494
0.18531481976490924 0.2932681089188488 0.44434361827072455 -0.18531481976490927 -0.29326810891884864 -0.4443436182707245

7.1
2.19484041569826 -1.3302932129785907 1.4230618219681772
-0.6282133624542424 -0.22917948239885372 0.7233649151770911 -0.17195329474065787
0.18531481976490924 0.2932681089188488 0.44434361827072455 -0.18531481976490927 -0.29326810891884864 -0.4443436182707245

7.2
2.354296138767551 -0.6110051285803244 1.2644059629477968
-0.622197827067126 -0.09426075393457937 0.7606835089606159 -0.15920230355116197
0.18531481976490924 0.2932681089188488 0.44434361827072455 -0.18531481976490927 -0.29326810891884864 -0.4443436182707245

7.3
2.5072809487924603 0.08235395807143664 1.0993881952853692
-0.631601749418505 0.037639302879184405 0.7635303271479792 -0.12916637540611334
0.18531481976490924 0.2932681089188488 0.44434361827072455 -0.18531481976490927 -0.29326810891884864 -0.4443436182707245

7.4
2.6872263846016944 0.7331444234088833 0.9295021161683493
-0.6559516917512627 0.16541460142489647 0.7313759522910083 -0.08634004942388984
0.18531481976490924 0.2932681089188488 0.44434361827072455 -0.18531481976490927 -0.29326810891884864 -0.4443436182707245

7.5
2.9121255153340195 1.3269130061187289 0.7578526962849129
0.690965467249953 -0.28852125388160005 -0.6619461777429044 0.0339037888473028
0.18531481976490924 0.2932681089188488 0.44434361827072455 -0.18531481976490927 -0.29326810891884864 -0.4443436182707245

7.6
3.1796553413544806 1.8431936527914685 0.5910172930539024
0.7283617225796155 -0.4049354731729639 -0.5521424386158773 -0.02559670147412182
0.18531481976490924 0.2932681089188488 0.44434361827072455 -0.18531481976490927 -0.29326810891884864 -0.4443436182707245

7.7
3.4620424895817212 2.2540645730274655 0.4397413959697222
0.756200988036678 -0.5095236571870994 -0.40070515787529876 -0.08933691796321894
0.18531481976490924 0.2932681089188488 0.44434361827072455 -0.18531481976490927 -0.29326810891884864 -0.4443436182707245

7.8
3.7056166964521706 2.5322848590390468 0.3172879506334397
0.7609119435564956 -0.5937789094345328 -0.21195191801315177 -0.15334929186129168
0.18531481976490924 0.2932681089188488 0.44434361827072455 -0.18531481976490927 -0.29326810891884864 -0.4443436182707245

7.9
3.843094253301635 2.6671572912809656 0.23484711300290745
0.731463647385386 -0.6480268407167071 0.0014988294659605752 -0.2121789333902468
0.18531481976490924 0.2932681089188488 0.44434361827072455 -0.18531481976490927 -0.29326810891884864 -0.4443436182707245

8.0
3.820050581184484 2.6777644605424875 0.195794108565196
-0.6639661625965387 0.6658833281461284 -0.21988423168080687 0.25961366081545806
0.18531481976490924 0.2932681089188488 0.44434361827072455 -0.18531481976490927 -0.29326810891884864 -0.4443436182707245

8.1
3.621276946196269 2.6110187211521 0.19285197561126433
-0.5632890166294358 0.6482440651279996 -0.42204717582027357 0.2904501629421136
-0.2300459541927902 0.16479000579060346 0.4229949083118431 0.2300459541927901 -0.1647900057906034 -0.42299490831184305

8.2
3.246176451390262 2.6217062677264082 0.25317218684820236
-0.4383709218611229 0.6050460857036942 -0.5926929032341416 0.3007744861140179
-0.2300459541927902 0.16479000579060346 0.4229949083118431 0.2300459541927901 -0.1647900057906034 -0.42299490831184305

8.3
2.772033395689636 2.6705355444287857 0.3162478731840724
0.29790893408340563 -0.5499707571755313 0.7244139794419345 -0.289839299671667
-0.2300459541927902 0.16479000579060346 0.4229949083118431 0.2300459541927901 -0.1647900057906034 -0.42299490831184305

8.4
2.2569008617851423 2.78936541090692 0.36675425576474435
0.1487592215900566 -0.4943327042113258 0.8158436744045695 -0.26058582170388467
-0.2300459541927902 0.16479000579060346 0.4229949083118431 0.2300459541927901 -0.1647900057906034 -0.42299490831184305

8.5
1.745523373798178 2.9952185337074533 0.39414319106316315
-0.006240635244068143 -0.44582186394906753 0.8684920917038906 -0.21662272905798774
-0.2300459541927902 0.16479000579060346 0.4229949083118431 0.2300459541927901 -0.1647900057906034 -0.42299490831184305

8.6
1.2677182542257963 3.2929175550232084 0.3929348628047335
-0.16691056875681923 -0.40778038408533923 0.8831148091957842 -0.16113427373337413
-0.2300459541927902 0.16479000579060346 0.4229949083118431 0.2300459541927901 -0.1647900057906034 -0.42299490831184305

8.7
0.8441220088256645 3.6746957690349897 0.3625351525797571
-0.33321082604264474 -0.37952683949327587 0.8576656425708789 -0.09664144590032363
-0.2300459541927902 0.16479000579060346 0.4229949083118431 0.2300459541927901 -0.1647900057906034 -0.42299490831184305

8.8
0.4926454369935941 4.115324460996688 0.3076390012990909
-0.502237530486399 -0.3569233411754309 0.7872206191334546 -0.025433999021597917
-0.2300459541927902 0.16479000579060346 0.4229949083118431 0.2300459541927901 -0.1647900057906034 -0.42299490831184305

8.9
0.23032490795601096 4.565430531142757 0.2391791299686354
-0.6653541432467707 -0.3331769493853197 0.6662078547199495 0.04963948803211576
-0.2300459541927902 0.16479000579060346 0.4229949083118431 0.2300459541927901 -0.1647900057906034 -0.42299490831184305

9.0
0.06698813137873519 4.950716478489652 0.17445605143340948
0.806945333503554 0.3004827167473662 -0.49302699782717263 -0.12439350902070911
-0.2300459541927902 0.16479000579060346 0.4229949083118431 0.2300459541927901 -0.1647900057906034 -0.42299490831184305

9.1
-0.007765267069765505 5.1876052733424824 0.13416243863268137
0.9071449845773316 0.2528382163962172 -0.2754900679274764 -0.19304412904589163
-0.2300459541927902 0.16479000579060346 0.4229949083118431 0.2300459541927901 -0.1647900057906034 -0.42299490831184305

9.2
-0.03338198988732341 5.21706366251594 0.1353334916224442
0.9493535167513808 0.18883626818757562 -0.03301612131883973 -0.24895521641820495
-0.2300459541927902 0.16479000579060346 0.4229949083118431 0.2300459541927901 -0.1647900057906034 -0.42299490831184305

9.3
-0.06939161315367882 5.036911901219538 0.18357382662936678
0.9285348278856078 0.11200113642260072 0.20799338200197307 -0.2863871014673528
-0.2300459541927902 0.16479000579060346 0.4229949083118431 0.2300459541927901 -0.1647900057906034 -0.42299490831184305

9.4
-0.1710330991404539 4.704256289007905 0.27069124770846753
0.8535276259227985 0.027849631405350923 0.4234762665882919 -0.30229595011117705
-0.2300459541927902 0.16479000579060346 0.4229949083118431 0.2300459541927901 -0.1647900057906034 -0.42299490831184305

9.5
-0.36978727184745935 4.305038431007418 0.37976369787393904
0.7414670477145098 -0.05984668255377442 0.5987253599063854 -0.29693927855001906
-0.2300459541927902 0.16479000579060346 0.4229949083118431 0.2300459541927901 -0.1647900057906034 -0.42299490831184305

9.6
-0.6722725832032685 3.9172717264406023 0.4930321913780688
0.6095456689032375 -0.150682791962308 0.7288491721088707 -0.2729975421939956
-0.2300459541927902 0.16479000579060346 0.4229949083118431 0.2300459541927901 -0.1647900057906034 -0.42299490831184305

9.700000000000001
-1.0707398986464396 3.5910678826305737 0.5972211426960448
0.46985639224165804 -0.24677923165122934 0.8145717575716896 -0.23411072863465804
-0.2300459541927902 0.16479000579060346 0.4229949083118431 0.2300459541927901 -0.1647900057906034 -0.42299490831184305

9.8
-1.5519109364863215 3.346493055658689 0.6849499402870021
0.32855403810827843 -0.35078888810123315 0.8574365371148935 -0.18385316110381197
-0.2300459541927902 0.16479000579060346 0.4229949083118431 0.2300459541927901 -0.1647900057906034 -0.42299490831184305

9.9
-2.0978716135175954 3.1789502008876664 0.753841795121563
0.18767740031592933 -0.46372598455002223 0.8567166857623637 -0.1255863248929522
-0.2300459541927902 0.16479000579060346 0.4229949083118431 0.2300459541927901 -0.1647900057906034 -0.42299490831184305

10.0
-2.67997745524703 3.0643364265167796 0.8050586401896576
0.0478422411599269 -0.5828393567087631 0.8087241716616728 -0.06304457472496723
-0.2300459541927902 0.16479000579060346 0.4229949083118431 0.2300459541927901 -0.1647900057906034 -0.42299490831184305

10.1
-3.2506158763527155 2.962791807336484 0.8419880347174336
-0.08914371062663731 -0.6998270312610221 0.708727046140069 -0.0012244352458161821
0.39491151611247255 0.15989717954110397 -0.4820847116918694 -0.39491151611247244 -0.15989717954110405 0.48208471169186934

10.200000000000001
-3.891221242729043 2.603819218974762 0.9068410644768824
0.21568360451734483 0.8030518455970798 -0.5534274144537524 -0.04802512838675092
0.39491151611247255 0.15989717954110397 -0.4820847116918694 -0.39491151611247244 -0.15989717954110405 0.48208471169186934

10.3
-4.355640345848556 2.1460144136285315 0.9640789610042722
0.3226529353826991 0.8767818846982537 -0.3494746930592777 -0.07082406981408111
0.39491151611247255 0.15989717954110397 -0.4820847116918694 -0.39491151611247244 -0.15989717954110405 0.48208471169186934

10.4
-4.569990675467948 1.5758602912281559 1.013205852570186
0.4048316169695373 0.9046990660816778 -0.11808830655778073 -0.06071337239097782
0.39491151611247255 0.15989717954110397 -0.4820847116918694 -0.39491151611247244 -0.15989717954110405 0.48208471169186934

10.5
-4.510396258367522 0.9202289311131673 1.0520183787621682
0.4614471151452201 0.8799655998491424 0.11142429590949884 -0.017655857027214204
0.39491151611247255 0.15989717954110397 -0.4820847116918694 -0.39491151611247244 -0.15989717954110405 0.48208471169186934

10.6
-4.2147778707346095 0.2313100614418615 1.0797236867873636
0.49778258834314065 0.8077435444838943 0.31162474049901323 0.05150613745876362
0.39491151611247255 0.15989717954110397 -0.4820847116918694 -0.39491151611247244 -0.15989717954110405 0.48208471169186934

10.700000000000001
-3.7601969105208752 -0.4423798891028668 1.0991636960660935
0.5231505285109379 0.7009577999171704 0.4652815035630261 0.1359588529524144
0.39491151611247255 0.15989717954110397 -0.4820847116918694 -0.39491151611247244 -0.15989717954110405 0.48208471169186934

10.8
-3.225800014507007 -1.076546560101445 1.1165071721992887
0.5472836854780436 0.5734584077531839 0.5667153355909883 0.22463247893558635
0.39491151611247255 0.15989717954110397 -0.4820847116918694 -0.39491151611247244 -0.15989717954110405 0.48208471169186934

10.9
-2.6664549907681034 -1.673007845782625 1.1392002313766165
0.5777510758975872 0.43545504153258324 0.617753781826034 0.3081604551896128
0.39491151611247255 0.15989717954110397 -0.4820847116918694 -0.39491151611247244 -0.15989717954110405 0.48208471169186934

11.0
-2.1045219364107224 -2.2488682707192855 1.1737519432072754
0.6190210775632173 0.2925409906240635 0.6227701128636577 0.37866880101343436
0.39491151611247255 0.15989717954110397 -0.4820847116918694 -0.39491151611247244 -0.15989717954110405 0.48208471169186934

11.1
-1.5338023286570983 -2.8219468536392123 1.2240281089793255
0.6722794597814589 0.14699648902360515 0.5855872195148115 0.42839230678385776
0.39491151611247255 0.15989717954110397 -0.4820847116918694 -0.39491151611247244 -0.15989717954110405 0.48208471169186934

11.200000000000001
-0.9291896615252722 -3.3964754668297172 1.2898687356618572
0.7350349878852801 -1.2861347987052178e-05 0.5087480614930926 0.44821755470540475
0.39491151611247255 0.15989717954110397 -0.4820847116918694 -0.39491151611247244 -0.15989717954110405 0.48208471169186934

11.3
-0.26057317813543135 -3.9499322609644585 1.3658459954445101
0.80012872070774 -0.14611642516662354 0.39494289285750955 0.42715820485677625
0.39491151611247255 0.15989717954110397 -0.4820847116918694 -0.39491151611247244 -0.15989717954110405 0.48208471169186934

11.4
0.4875267412694492 -4.424220374482859 1.4407315737203463
0.8546095956474407 -0.2858548375826437 0.25020223527822355 0.3540173616077309
0.39491151611247255 0.15989717954110397 -0.4820847116918694 -0.39491151611247244 -0.15989717954110405 0.48208471169186934

11.5
1.2932773592842541 -4.7305492637202065 1.4991826901624017
0.8801681920370541 -0.4101276727449815 0.08759797211080388 0.22231923231489362
0.39491151611247255 0.15989717954110397 -0.4820847116918694 -0.39491151611247244 -0.15989717954110405 0.48208471169186934

11.6
2.0865159983706327 -4.778638601782128 1.526864446192992
0.8574356623488748 -0.5082087454066896 -0.07155562267325768 0.037519979855364656
0.39491151611247255 0.15989717954110397 -0.4820847116918694 -0.39491151611247244 -0.15989717954110405 0.48208471169186934

11.700000000000001
2.770287418758164 -4.524075952342851 1.5171833833069612
0.7742732661305818 -0.5723558079100213 -0.2023985924674568 -0.1787303787114559
0.39491151611247255 0.15989717954110397 -0.4820847116918694 -0.39491151611247244 -0.15989717954110405 0.48208471169186934

11.8
3.2726244736253345 -3.9998518438255175 1.4742750016273907
0.632899921665797 -0.6022389948516055 -0.2860856240090191 -0.3935745138737089
0.39491151611247255 0.15989717954110397 -0.4820847116918694 -0.39491151611247244 -0.15989717954110405 0.48208471169186934

11.9
3.587946288673497 -3.3006437188413478 1.4090338161716705
-0.4489836824719057 0.6053702283348005 0.3170103929451891 0.5757125587344568
0.39491151611247255 0.15989717954110397 -0.4820847116918694 -0.39491151611247244 -0.15989717954110405 0.48208471169186934

12.0
3.772460046245695 -2.533696785779453 1.332045844622754
-0.243016036223064 0.5931026079881444 0.3018986076877931 0.7057122169923544
0.39491151611247255 0.15989717954110397 -0.4820847116918694 -0.39491151611247244 -0.15989717954110405 0.48208471169186934

12.1
3.9063224254219735 -1.7788318162703578 1.2495381631334748
-0.03167247622458688 0.5756381444225424 0.2532695413904243 0.7768475528309652
0.37868178550962867 0.7226892989781436 0.2784944724820627 -0.3786817855096287 -0.7226892989781434 -0.27849447248206255

12.200000000000001
4.280520493615466 -1.0497327070436497 1.1387959172916793
0.1789645606510733 0.5604060401636443 0.17968796090483746 0.788434520353424
0.37868178550962867 0.7226892989781436 0.2784944724820627 -0.3786817855096287 -0.7226892989781434 -0.27849447248206255

12.3
4.707228891559924 -0.3827869651341205 1.026210110997099
0.38631712186014494 0.5478193558975587 0.08746022770606122 0.7368878769740222
0.37868178550962867 0.7226892989781436 0.2784944724820627 -0.3786817855096287 -0.7226892989781434 -0.27849447248206255

12.4
5.18509975908822 0.21076516255315242 0.9158687191911238
0.5814450424059793 0.5302869442589355 -0.014213464629595506 0.6168593006782446
0.37868178550962867 0.7226892989781436 0.2784944724820627 -0.3786817855096287 -0.7226892989781434 -0.27849447248206255

12.5
5.658607571469118 0.7209683028098663 0.8174066955993757
0.7481389720438937 0.4956610427536505 -0.11481134855456047 0.42594197192640326
0.37868178550962867 0.7226892989781436 0.2784944724820627 -0.3786817855096287 -0.7226892989781434 -0.27849447248206255

12.6
6.023747107693535 1.142547167312673 0.7446902404553482
0.8624948354406922 0.4310588926866961 -0.2010628821410918 0.17281379371731376
0.37868178550962867 0.7226892989781436 0.2784944724820627 -0.3786817855096287 -0.7226892989781434 -0.27849447248206255

12.700000000000001
6.167419200021971 1.4876828601786647 0.7088070786566925
0.9007820659060629 0.32925876748766764 -0.2583998356124976 -0.11580094442594818
0.37868178550962867 0.7226892989781436 0.2784944724820627 -0.3786817855096287 -0.7226892989781434 -0.27849447248206255

12.8
6.033872615272114 1.7928665210323824 0.7087195747551949
0.8530598443589726 0.19350915558682336 -0.2759177374650157 -0.3983873878507034
0.37868178550962867 0.7226892989781436 0.2784944724820627 -0.3786817855096287 -0.7226892989781434 -0.27849447248206255

12.9
5.666634920526047 2.1071645907362075 0.7281823962162338
0.7306104423236787 0.035495217097573584 -0.25140171941839407 -0.6338340844450303
0.37868178550962867 0.7226892989781436 0.2784944724820627 -0.3786817855096287 -0.7226892989781434 -0.27849447248206255

13.0
5.183840734269179 2.4712807323969055 0.7428676774973493
-0.5587551653635668 0.1319423574028201 0.1916443884532484 0.7960253186154949
0.37868178550962867 0.7226892989781436 0.2784944724820627 -0.3786817855096287 -0.7226892989781434 -0.27849447248206255

13.1
4.715330080466992 2.904988634483095 0.731342481319422
-0.3627418620711789 0.29979067282669103 0.10814285945451853 0.8756991583507739
0.37868178550962867 0.7226892989781436 0.2784944724820627 -0.3786817855096287 -0.7226892989781434 -0.27849447248206255

13.200000000000001
4.35658169055541 3.4037683182628076 0.682519317324044
-0.15934802524722494 0.46176959389797695 0.012646086360207632 0.8724775787955111
0.37868178550962867 0.7226892989781436 0.2784944724820627 -0.3786817855096287 -0.7226892989781434 -0.27849447248206255

13.3
4.1539384616320705 3.9354285968502 0.5987805194774368
0.042241205935344805 0.6094157978284767 -0.0844618967081354 0.7872066144810226
0.37868178550962867 0.7226892989781436 0.2784944724820627 -0.3786817855096287 -0.7226892989781434 -0.27849447248206255

13.4
4.1022147977415875 4.43629385707689 0.4967899619118618
0.23439305226213317 0.7275302962387166 -0.17352984475374966 0.621004797151991
0.37868178550962867 0.7226892989781436 0.2784944724820627 -0.3786817855096287 -0.7226892989781434 -0.27849447248206255

13.5
4.141555073107553 4.820141767164214 0.4050339296042689
0.4049398658699554 0.7941041421913391 -0.24479096372733455 0.3814442298177058
0.37868178550962867 0.7226892989781436 0.2784944724820627 -0.3786817855096287 -0.7226892989781434 -0.27849447248206255

13.6
4.1650848411707155 5.013899028399346 0.35430885606423435
0.5361118502841505 0.7879198569830762 -0.2889525666102107 0.09095491853684919
0.37868178550962867 0.7226892989781436 0.2784944724820627 -0.3786817855096287 -0.7226892989781434 -0.27849447248206255

13.700000000000001
4.058813344337936 5.007110522045082 0.3618490431400809
0.6115291821616307 0.7009866078679272 -0.29957318399428995 -0.21190975056864977
0.37868178550962867 0.7226892989781436 0.2784944724820627 -0.3786817855096287 -0.7226892989781434 -0.27849447248206255

13.8
3.7618081739717093 4.86931430519738 0.420179944585424
0.6266728498775348 0.5449494359101306 -0.27567949008085646 -0.4840579203735416
0.37868178550962867 0.7226892989781436 0.2784944724820627 -0.3786817855096287 -0.7226892989781434 -0.27849447248206255

13.9
3.2943519183403662 4.711598382064129 0.5017708297451622
-0.5921361688567052 -0.34400866151531484 0.22226111106005494 0.6939976922472401
0.37868178550962867 0.7226892989781436 0.2784944724820627 -0.3786817855096287 -0.7226892989781434 -0.27849447248206255

14.0
2.730383155183305 4.62993460655409 0.5747777015313827
-0.5264014577312733 -0.12170278780469011 0.14803310262846847 0.8283574936373463
0.37868178550962867 0.7226892989781436 0.2784944724820627 -0.3786817855096287 -0.7226892989781434 -0.27849447248206255

14.1
2.1511765270404513 4.675215240380728 0.6161612144554135
-0.44594372775712016 0.10639654964743595 0.06241697015322065 0.8865202128175624
-0.31806474617047076 0.32175225057909995 0.1429767525311932 0.31806474617047065 -0.32175225057909995 -0.14297675253119307

14.200000000000001
1.5133586661734872 5.016181763226041 0.6758213369154417
-0.3620552935259462 0.33518243608321285 -0.025989047500683975 0.8694212260930665
-0.31806474617047076 0.32175225057909995 0.1429767525311932 0.31806474617047065 -0.32175225057909995 -0.14297675253119307

14.3
0.9357142673285141 5.448830789692489 0.6976377530654969
-0.27803068268741615 0.5586235732129666 -0.10772712186692779 0.7739725512893946
-0.31806474617047076 0.32175225057909995 0.1429767525311932 0.31806474617047065 -0.32175225057909995 -0.14297675253119307

14.4
0.44558644915553647 5.88426282707749 0.6990616807384666
-0.1905668603727771 0.7583241289524979 -0.17208029080727114 0.5991804074665517
-0.31806474617047076 0.32175225057909995 0.1429767525311932 0.31806474617047065 -0.32175225057909995 -0.14297675253119307

14.5
0.050139195425557115 6.1994324087893125 0.7084828450865385
-0.09645404346934103 0.9066450198160233 -0.2085466838239561 0.3538357051051352
-0.31806474617047076 0.32175225057909995 0.1429767525311932 0.31806474617047065 -0.32175225057909995 -0.14297675253119307

14.6
-0.2781556944005082 6.280325311557271 0.7554602849235434
0.0037105533636415554 0.975605822600237 -0.20985319077610848 0.0643517600640161
-0.31806474617047076 0.32175225057909995 0.1429767525311932 0.31806474617047065 -0.32175225057909995 -0.14297675253119307

14.700000000000001
-0.6022456090113297 6.0824214816701625 0.8561937066584113
0.10546897133858306 0.9519715667629555 -0.17522990438783223 -0.22786160880652126
-0.31806474617047076 0.32175225057909995 0.1429767525311932 0.31806474617047065 -0.32175225057909995 -0.14297675253119307

14.8
-0.9938557075095253 5.654832482645422 1.0053281478893898
0.20476833144485135 0.8451172795145999 -0.11095946102102566 -0.4811805402476878
-0.31806474617047076 0.32175225057909995 0.1429767525311932 0.31806474617047065 -0.32175225057909995 -0.14297675253119307

14.9
-1.5010988268405643 5.099795916719676 1.1820122546608074
0.3019616522154441 0.6794706471572824 -0.027821948832298275 -0.668105335561808
-0.31806474617047076 0.32175225057909995 0.1429767525311932 0.31806474617047065 -0.32175225057909995 -0.14297675253119307

15.0
-2.1371349991441533 4.5079380147417645 1.363429014472269
-0.4012337431720965 -0.4802956901794717 -0.06188221217939763 0.7774947749991102
-0.31806474617047076 0.32175225057909995 0.1429767525311932 0.31806474617047065 -0.32175225057909995 -0.14297675253119307

15.1
-2.8841842874606605 3.920113936876088 1.5341539449343868
-0.5064234703459934 -0.26573671700853735 -0.14526738599480457 0.8073516287730408
-0.31806474617047076 0.32175225057909995 0.1429767525311932 0.31806474617047065 -0.32175225057909995 -0.14297675253119307

15.200000000000001
-3.692491924605002 3.3245939755594454 1.6876809340903824
-0.6161432869049938 -0.04762644366056451 -0.20808176838592202 0.7581564149511267
-0.31806474617047076 0.32175225057909995 0.1429767525311932 0.31806474617047065 -0.32175225057909995 -0.14297675253119307

15.3
-4.469822277961619 2.6755903047426357 1.8229746834334224
0.7201144356885422 -0.1630679703024295 0.2341583249618828 -0.6324665330477685
-0.31806474617047076 0.32175225057909995 0.1429767525311932 0.31806474617047065 -0.32175225057909995 -0.14297675253119307

15.4
-5.0793756060057085 1.9253776243875105 1.939551378384855
0.7986804487900371 -0.35216536603744475 0.2082611605727264 -0.4412667953530593
-0.31806474617047076 0.32175225057909995 0.1429767525311932 0.31806474617047065 -0.32175225057909995 -0.14297675253119307

15.5
-5.372868322001056 1.0637694302527743 2.0342838753249186
0.8284751595182571 -0.5038053740037864 0.12346526662963574 -0.2111051470764659
-0.31806474617047076 0.32175225057909995 0.1429767525311932 0.31806474617047065 -0.32175225057909995 -0.14297675253119307

15.6
-5.259110322276013 0.14129684629677397 2.1030175483646967
0.7936032166748892 -0.6080707390075112 -0.01125142479086163 0.017813373804634543
-0.31806474617047076 0.32175225057909995 0.1429767525311932 0.31806474617047065 -0.32175225057909995 -0.14297675253119307

15.700000000000001
-4.755578888770295 -0.7522385705106308 2.146362964537718
0.6944435583005366 -0.6677561678791121 -0.1714472137772065 0.20604780387649152
-0.31806474617047076 0.32175225057909995 0.1429767525311932 0.31806474617047065 -0.32175225057909995 -0.14297675253119307

15.8
-3.968539475942954 -1.5406877949704756 2.173449840312157
-0.5458970284224117 0.6969336238760794 0.32716356256335183 -0.33052074307279394
-0.31806474617047076 0.32175225057909995 0.1429767525311932 0.31806474617047065 -0.32175225057909995 -0.14297675253119307

15.9
-3.021801506441324 -2.1954230765357203 2.1990998665881993
-0.3678196050445668 0.7129941572106817 0.4534262377239837 -0.38826887188102255
-0.31806474617047076 0.32175225057909995 0.1429767525311932 0.31806474617047065 -0.32175225057909995 -0.14297675253119307

16.0
-1.9997374994433135 -2.7261460548490044 2.237326272681203
-0.1768344610507235 0.729483009004897 0.5337166491460265 -0.38952618831395514
-0.31806474617047076 0.32175225057909995 0.1429767525311932 0.31806474617047065 -0.32175225057909995 -0.14297675253119307

16.1
-0.9358841317665363 -3.1484151736044788 2.296266513484969
0.015749151649264895 0.7529106227121034 0.5574155653388497 -0.3495217388769568
0.10571377086185234 0.7590144164648076 0.12258767691341313 -0.10571377086185242 -0.7590144164648076 -0.12258767691341288

16.200000000000003
0.24721721600064595 -3.574599315029183 2.380895389036334
0.20273739887062414 0.7837875953356133 0.514689837835084 -0.28225683929089346
0.10571377086185234 0.7590144164648076 0.12258767691341313 -0.10571377086185242 -0.7590144164648076 -0.12258767691341288

16.3
1.4745445489035298 -3.8157135312947963 2.4791419405212665
0.3754831234554746 0.8126649116892382 0.3965663266250585 -0.203281366328425
0.10571377086185234 0.7590144164648076 0.12258767691341313 -0.10571377086185242 -0.7590144164648076 -0.12258767691341288

16.400000000000002
2.6795723647393257 -3.781679095417632 2.5783489476968153
0.5205688694719354 0.8183490809711698 0.20399255807337868 -0.1330408586150592
0.10571377086185234 0.7590144164648076 0.12258767691341313 -0.10571377086185242 -0.7590144164648076 -0.12258767691341288

16.500000000000004
3.731971721015746 -3.3852428989562124 2.66565931486886
0.6237463084336838 0.7749514330287669 -0.0434411941798599 -0.09221540983067893
0.10571377086185234 0.7590144164648076 0.12258767691341313 -0.10571377086185242 -0.7590144164648076 -0.12258767691341288

16.6
4.482376501763656 -2.599488081948037 2.7329426648489297
0.6775738060946354 0.6630376964781377 -0.30398244427966536 -0.09417761896095367
0.10571377086185234 0.7590144164648076 0.12258767691341313 -0.10571377086185242 -0.7590144164648076 -0.12258767691341288

16.700000000000003
4.846576300759064 -1.4880209446434198 2.7769182824437175
0.6882376041350166 0.4809321907092061 -0.5256528570946571 -0.13682946328316953
0.10571377086185234 0.7590144164648076 0.12258767691341313 -0.10571377086185242 -0.7590144164648076 -0.12258767691341288

16.8
4.851586764870624 -0.17590399982446125 2.7949885554568468
0.6735244963721174 0.2452741065353271 -0.6673521773716334 -0.20210501430524327
0.10571377086185234 0.7590144164648076 0.12258767691341313 -0.10571377086185242 -0.7590144164648076 -0.12258767691341288

16.900000000000002
4.600546348950997 1.2055654724506133 2.783840108979073
-0.6521961404547664 0.018958769060919735 0.7105724284189825 0.2633772644370643
0.10571377086185234 0.7590144164648076 0.12258767691341313 -0.10571377086185242 -0.7590144164648076 -0.12258767691341288

17.000000000000004
4.202776256049834 2.5445619085679065 2.744647413930396
-0.633575472000002 0.28703472471587727 0.6557499722579087 0.29357309476688653
0.10571377086185234 0.7590144164648076 0.12258767691341313 -0.10571377086185242 -0.7590144164648076 -0.12258767691341288

17.1
3.726053679027675 3.7361368440621705 2.6907816456081286
0.613099581840299 -0.5347746588641531 -0.5147426864962962 -0.2704901729870328
0.10571377086185234 0.7590144164648076 0.12258767691341313 -0.10571377086185242 -0.7590144164648076 -0.12258767691341288

17.200000000000003
3.1803681140764457 4.666626432361731 2.650400899628702
-0.5745912404408594 0.7354689673879039 0.3095101306944126 0.18202687553087465
0.10571377086185234 0.7590144164648076 0.12258767691341313 -0.10571377086185242 -0.7590144164648076 -0.12258767691341288

17.3
2.5252919064020354 5.2319594032747645 2.657276444354899
-0.49888916104867864 0.8628091652369746 0.07471529846205476 0.03297837999275793
0.10571377086185234 0.7590144164648076 0.12258767691341313 -0.10571377086185242 -0.7590144164648076 -0.12258767691341288

17.400000000000002
1.7034940133685557 5.386485050534744 2.7315457442829265
-0.37433699871208015 0.9030608855457346 -0.14551399184434213 -0.1522449558117134
0.10571377086185234 0.7590144164648076 0.12258767691341313 -0.10571377086185242 -0.7590144164648076 -0.12258767691341288

17.500000000000004
0.6897437690356193 5.168065971512604 2.8660498359786284
-0.20218241238170853 0.8651008520722092 -0.31169213507247473 -0.33700267180159343
0.10571377086185234 0.7590144164648076 0.12258767691341313 -0.10571377086185242 -0.7590144164648076 -0.12258767691341288

17.6
-0.48034143690309505 4.661241089232636 3.0325708213027305
0.007092467460221605 0.7758753116088747 -0.40332802082835123 -0.48507082509242155
0.10571377086185234 0.7590144164648076 0.12258767691341313 -0.10571377086185242 -0.7590144164648076 -0.12258767691341288

17.700000000000003
-1.7149482394308535 3.9365035047739316 3.2004073189741504
0.23926220750254676 0.6650188064190609 -0.4218488288677534 -0.5679323452250988
0.10571377086185234 0.7590144164648076 0.12258767691341313 -0.10571377086185242 -0.7590144164648076 -0.12258767691341288

17.8
-2.8773068904875636 3.0246856718328576 3.349003896531655
-0.47643935143204486 -0.5525025221485294 0.38453858590730833 0.5655763285136093
0.10571377086185234 0.7590144164648076 0.12258767691341313 -0.10571377086185242 -0.7590144164648076 -0.12258767691341288

17.900000000000002
-3.7901586839302004 1.940957460092592 3.468029310530422
0.6935913268850034 0.4451980921672471 -0.318232661190005 -0.46846312912807925
0.10571377086185234 0.7590144164648076 0.12258767691341313 -0.10571377086185242 -0.7590144164648076 -0.12258767691341288

18.000000000000004
-4.261663255614084 0.7360913539865286 3.5512256925871637
0.859561897982148 0.33888410599320024 -0.25410563876648373 -0.28590423324881736
0.10571377086185234 0.7590144164648076 0.12258767691341313 -0.10571377086185242 -0.7590144164648076 -0.12258767691341288

18.1
-4.1587519297577575 -0.4689582823880959 3.5937720906193626
0.9483012230742678 0.22345005649331098 -0.21917154627623028 -0.052523288852377246
-0.43230294664150837 0.02565281313430167 0.18819441035397466 0.4323029466415083 -0.025652813134301674 -0.1881944103539746

18.200000000000003
-3.624479381460722 -1.341977179683469 3.5614758411145453
0.9541748357715396 0.09073985803996934 -0.22002911912664772 0.18139417763421484
-0.43230294664150837 0.02565281313430167 0.18819441035397466 0.4323029466415083 -0.025652813134301674 -0.1881944103539746

18.3
-2.70188507255674 -1.9710894743722789 3.5046488572760017
0.8935207058155058 -0.0607053024870659 -0.24488968716017046 0.3714359374798137
-0.43230294664150837 0.02565281313430167 0.18819441035397466 0.4323029466415083 -0.025652813134301674 -0.1881944103539746

18.400000000000002
-1.566001818921844 -2.3303295540450644 3.445090555807121
0.7939625464901562 -0.22761873210619998 -0.27511381495773024 0.4920625736475353
-0.43230294664150837 0.02565281313430167 0.18819441035397466 0.4323029466415083 -0.025652813134301674 -0.1881944103539746

18.500000000000004
-0.35814015830674084 -2.4501313007501064 3.4026021646304105
0.6809808327523401 -0.4030436936383775 -0.28899548740342407 0.5387972667921769
-0.43230294664150837 0.02565281313430167 0.18819441035397466 0.4323029466415083 -0.025652813134301674 -0.1881944103539746

18.6
0.8305144580888396 -2.3697376157863466 3.3886585366815187
-0.5698810259730421 0.5771765380583086 0.2673890681164863 -0.5201979876957772
-0.43230294664150837 0.02565281313430167 0.18819441035397466 0.4323029466415083 -0.025652813134301674 -0.1881944103539746

18.700000000000003
1.9272264979106073 -2.1064711318155567 3.4059996588418895
-0.4650291336523332 0.7361995482681879 0.19625050289084153 -0.4508257646800682
-0.43230294664150837 0.02565281313430167 0.18819441035397466 0.4323029466415083 -0.025652813134301674 -0.1881944103539746

18.8
2.83985351316856 -1.6547854394334691 3.4514894736700894
-0.36212312148303977 0.8614270283749638 0.06993959355699104 -0.34916868835212306
-0.43230294664150837 0.02565281313430167 0.18819441035397466 0.4323029466415083 -0.025652813134301674 -0.1881944103539746

18.900000000000002
3.4473019834593295 -1.0076958972587442 3.518766780467437
-0.25165097103666023 0.9324907908786803 -0.10343134984565372 -0.23755982314327795
-0.43230294664150837 0.02565281313430167 0.18819441035397466 0.4323029466415083 -0.025652813134301674 -0.1881944103539746

19.000000000000004
3.633822999625632 -0.18497191038609728 3.5985849730513992
-0.1231385568565264 0.9360742720652769 -0.2986096084418374 -0.13940643722212484
-0.43230294664150837 0.02565281313430167 0.18819441035397466 0.4323029466415083 -0.025652813134301674 -0.1881944103539746

19.1
3.3470636744590823 0.7513787180419775 3.67750021755011
0.0303888327545954 0.8748638664026074 -0.47805651113139225 -0.07177538764628837
-0.43230294664150837 0.02565281313430167 0.18819441035397466 0.4323029466415083 -0.025652813134301674 -0.1881944103539746

19.200000000000003
2.6308075437097473 1.7049263799548302 3.7385897324905377
0.20941356736920994 0.7676181414054316 -0.6045463180830764 -0.037843045321011716
-0.43230294664150837 0.02565281313430167 0.18819441035397466 0.4323029466415083 -0.025652813134301674 -0.1881944103539746

19.300000000000004
1.6082582413540172 2.565783025278601 3.7668370419043513
-0.4067279026342776 -0.6388831289864081 0.6524920145648597 0.025591632311153332
-0.43230294664150837 0.02565281313430167 0.18819441035397466 0.4323029466415083 -0.025652813134301674 -0.1881944103539746

19.400000000000002
0.4425854702432983 3.226721117073563 3.7566820974966997
-0.6066285724819063 -0.5072818536242238 0.6119504792241158 0.0135464759074421
-0.43230294664150837 0.02565281313430167 0.18819441035397466 0.4323029466415083 -0.025652813134301674 -0.1881944103539746

19.500000000000004
-0.6947970628263451 3.5918551960785896 3.716359596968879
0.7848402331989605 0.38008236042020377 -0.48903852251785157 0.020112959582430128
-0.43230294664150837 0.02565281313430167 0.18819441035397466 0.4323029466415083 -0.025652813134301674 -0.1881944103539746

19.6
-1.6508419692543845 3.591357727799161 3.6654201582399315
0.9128760558331523 0.2549581024192212 -0.3064064546824125 0.08814055381180673
-0.43230294664150837 0.02565281313430167 0.18819441035397466 0.4323029466415083 -0.025652813134301674 -0.1881944103539746

19.700000000000003
-2.323453824736013 3.207730347085734 3.6261988463006483
0.9689677929042622 0.12541593184612293 -0.10040738487348862 0.18785797139402563
-0.43230294664150837 0.02565281313430167 0.18819441035397466 0.4323029466415083 -0.025652813134301674 -0.1881944103539746

19.800000000000004
-2.6851886065321424 2.492267984530224 3.6149635906317066
0.9490490964992089 -0.014278980242017835 0.08950599203563343 0.3018121941655118
-0.43230294664150837 0.02565281313430167 0.18819441035397466 0.4323029466415083 -0.025652813134301674 -0.1881944103539746

19.900000000000002
-2.7716654061513784 1.5466168748968583 3.638900554406005
0.867554862628842 -0.1668139509033854 0.23470783808916953 0.4055044967106556
-0.43230294664150837 0.02565281313430167 0.18819441035397466 0.4323029466415083 -0.025652813134301674 -0.1881944103539746

20.000000000000004
-2.6391723940459375 0.48253493442774753 3.6985479446631695
0.747505048771799 -0.3314847222840347 0.3242893805777204 0.4755948681361746
-0.43230294664150837 0.02565281313430167 0.18819441035397466 0.4323029466415083 -0.025652813134301674 -0.1881944103539746

